1093.3
1256.0
1363.2
1446.7
1578.6
1711.3
1805.4
1900.2
1951.9
2016.7
2096.1
2164.4
2237.8
2285.1
2336.7
2391.7
2443.4
2518.7
2620.2
2687.0
2730.3
2773.2
2817.6
2860.7
2914.3
2983.6
3039.0
3079.2
3121.5
3181.0
3222.7
3256.4
3304.7
3345.1
3377.7
3419.3
3454.4
3495.9
3539.7
3590.5
3628.0
3668.9
3699.6
3727.6
3759.8
3781.1
3809.8
3841.2
3868.1
3911.7
3935.1
3969.4
3994.7
4025.1
4043.9
4069.3
4099.0
4126.2
4152.1
4177.9
4204.9
4225.9
4250.7
4266.7
4293.9
4322.1
4335.9
4354.1
4371.9
4400.8
4420.7
4437.0
4463.0
4476.2
4508.7
4529.8
4546.9
4572.3
4589.1
4604.9
4630.3
4647.7
4670.1
4688.0
4708.8
4719.3
4735.5
4750.2
4763.6
4783.4
4795.3
4817.5
4838.7
4858.5
4874.6
4892.6
4904.8
4918.8
4943.8
4961.6
4983.3
5002.1
5020.0
5035.0
5050.8
5066.9
5081.5
5096.1
5114.7
5142.0
5162.6
5177.8
5202.2
5215.9
5232.7
5249.1
5263.8
5278.4
5290.6
5303.0
5313.0
5332.0
5344.4
5369.3
5381.7
5393.9
5403.2
5414.5
5427.6
5443.9
5460.1
5474.2
5495.4
5514.4
5537.4
5551.9
5564.6
5577.3
5590.0
5603.2
5623.5
5641.7
5656.4
5667.9
5683.4
5698.0
5711.6
5724.3
5738.2
5748.1
5759.7
5776.3
5793.1
5809.1
5818.2
5836.9
5848.1
5865.8
5880.6
5892.2
5903.0
5915.7
5928.8
5940.8
5952.3
5965.8
5976.3
5986.0
5996.4
6006.4
6023.9
6035.8
6043.6
6052.9
6069.9
6083.5
6099.4
6113.5
6121.8
6133.9
6146.2
6159.9
6170.6
6185.5
6200.3
6214.7
6222.9
6232.9
6241.0
6252.7
6263.0
6274.3
6285.6
6297.8
6305.8
6314.3
6322.7
6330.9
6339.9
6351.0
6364.3
6373.8
6390.8
6402.8
6411.1
6419.0
6430.7
6443.9
6457.0
6476.1
6486.2
6498.4
6510.1
6523.0
6536.1
6548.1
6560.6
6572.5
6582.3
6593.1
6603.0
6618.7
6626.7
6640.4
6652.7
6663.9
6674.4
6688.6
6700.4
6714.8
6727.4
6741.3
6752.7
6765.0
6778.1
6791.6
6803.2
6814.1
6824.9
6833.3
6842.9
6852.8
6865.1
6882.0
6895.7
6915.7
6927.2
6936.4
6945.1
6956.7
6966.9
6976.5
6986.5
6998.5
7007.7
7021.1
7031.9
7042.6
7058.0
7073.8
7092.4
7102.9
7126.8
7145.1
7163.4
7172.7
7183.5
7203.6
7215.7
7228.3
7237.6
7251.5
7260.1
7276.3
7289.4
7304.5
7318.5
7329.6
7346.2
7356.1
7369.8
7378.1
7387.7
7397.1
7410.5
7421.7
7430.5
7438.0
7451.8
7463.2
7476.5
7485.3
7497.0
7508.5
7519.9
7530.3
7542.0
7553.6
7569.9
7577.6
7588.6
7597.7
7607.8
7616.7
7627.5
7638.0
7651.1
7662.0
7672.0
7687.5
7700.3
7712.2
7724.2
7735.9
7747.6
7757.5
7767.9
7777.2
7790.8
7801.2
7812.3
7823.5
7832.8
7841.3
7850.7
7860.5
7871.8
7885.9
7895.3
7907.0
7917.1
7932.7
7944.1
7955.7
7968.0
7981.3
7991.5
8003.5
8013.4
8025.2
8035.2
8051.9
8064.3
8076.1
8086.5
8098.6
8108.5
8126.9
8138.4
8146.5
8158.7
8169.8
8182.9
8193.8
8204.7
8217.9
8228.0
8240.4
8250.4
8259.6
8270.0
8278.8
8290.5
8301.5
8313.6
8325.1
8335.8
8346.8
8359.2
8374.0
8384.4
8393.2
8408.1
8418.6
8431.0
8438.9
8448.7
8458.8
8468.8
8480.6
8490.5
8500.4
8514.6
8527.8
8548.2
8564.7
8575.3
8585.1
8598.9
8608.1
8620.8
8636.2
8648.1
8657.9
8666.8
8675.9
8683.6
8695.2
8708.2
8722.1
8735.9
8750.1
8760.1
8777.3
8790.6
8802.6
8819.2
8831.9
8844.4
8854.4
8868.9
8878.8
8894.2
8904.8
8916.5
8927.9
8936.5
8945.3
8955.7
8963.9
8973.0
8983.7
8993.7
9006.5
9019.2
9028.9
9042.4
9049.9
9059.6
9067.1
9078.1
9090.8
9098.4
9107.4
9116.5
9127.5
9135.4
9146.5
9156.4
9165.4
9172.6
9186.2
9199.8
9208.9
9217.9
9228.1
9239.8
9251.2
9261.5
9270.4
9280.5
9288.3
9299.4
9314.3
9322.0
9332.0
9344.8
9353.1
9361.7
9369.8
9380.3
9392.4
9403.8
9413.9
9426.4
9436.3
9448.6
9460.0
9474.1
9483.1
9491.5
9501.0
9515.6
9526.8
9539.3
9550.7
9562.2
9579.2
9592.1
9603.9
9615.2
9625.5
9637.7
9649.9
9659.4
9670.1
9681.1
9691.5
9704.1
9712.5
9721.7
9735.9
9745.2
9754.4
9769.1
9781.3
9792.5
9802.3
9812.2
9825.3
9835.0
9845.7
9858.6
9869.1
9880.3
9892.2
9907.5
9918.0
9928.0
9936.5
9947.0
9958.0
9971.6
9989.0
9999.4
10010.9
10021.6
10031.4
10045.9
10057.9
10069.7
10084.0
10093.9
10103.0
10113.9
10126.2
10136.6
10149.2
10160.6
10171.3
10182.9
10192.7
10201.3
10214.5
10224.3
10234.1
10246.2
10256.5
10266.9
10279.0
10289.5
10297.9
10307.3
10316.2
10327.5
10336.8
10346.8
10359.0
10371.4
10381.0
10390.4
10399.5
10412.2
10421.2
10436.8
10448.7
10458.3
10469.3
10478.6
10487.4
10499.5
10507.7
10517.1
10528.1
10537.4
10550.2
10560.0
10570.3
10579.3
10589.1
10600.9
10612.9
10621.5
10639.7
10649.3
10661.8
10671.5
10681.7
10691.7
10701.4
10713.1
10725.2
10735.1
10745.8
10754.9
10763.3
10771.4
10779.8
10788.5
10798.4
10812.5
10822.9
10831.9
10840.8
10852.0
10862.1
10877.4
10886.2
10902.5
10915.4
10929.5
10944.7
10955.5
10963.9
10978.5
10989.3
10999.1
11008.8
11022.1
11033.3
11042.5
11054.5
11065.2
11075.6
11084.7
11094.6
11106.6
11115.6
11131.5
11142.7
11157.3
11166.1
11179.1
11186.8
11196.1
11204.9
11213.3
11224.4
11234.9
11244.4
11254.5
11264.6
11272.8
11288.2
11296.9
11307.5
11316.8
11326.9
11344.0
11355.9
11369.0
11380.6
11396.0
11404.3
11418.3
11430.3
11439.8
11449.1
11459.4
11469.3
11481.8
11492.8
11505.7
11517.5
11529.8
11539.0
11548.5
11562.1
11572.5
11589.7
11604.3
11613.3
11624.0
11633.2
11643.2
11651.9
11661.5
11670.9
11684.2
11693.3
11702.9
11711.9
11722.1
11730.0
11739.8
11749.1
11759.3
11769.0
11777.9
11789.7
11798.9
11809.6
11821.6
11830.8
11840.5
11850.6
11861.8
11872.3
11881.6
11889.6
11899.1
11907.5
11916.6
11924.8
11938.7
11949.9
11960.9
11970.9
11981.0
11991.1
12003.3
12011.9
12023.9
12033.4
12044.2
12052.4
12063.1
12075.8
12086.5
12095.6
12103.7
12114.1
12123.9
12135.8
12147.2
12157.9
12169.5
12183.8
12192.0
12201.7
12211.3
12223.5
12234.8
12244.4
12256.1
12264.3
12272.5
12283.6
12294.9
12306.0
12316.4
12326.1
12333.8
12344.7
12357.5
12368.0
12377.3
12388.6
12398.4
12410.0
12419.2
12433.6
12442.2
12452.6
12461.9
12472.3
12481.0
12489.8
12501.0
12513.4
12523.7
12533.1
12545.1
12557.6
12566.3
12574.3
12584.4
12594.9
12604.8
12614.5
12625.3
12636.6
12646.1
12657.2
12669.1
12679.2
12691.0
12700.6
12709.6
12721.8
12729.7
12740.1
12752.3
12763.0
12776.3
12785.8
12796.1
12807.8
12816.0
12824.7
12833.0
12844.3
12854.0
12865.8
12874.3
12885.6
12897.5
12911.7
12924.5
12935.2
12945.0
12953.3
12962.1
12972.9
12982.3
12990.6
13001.4
13011.5
13021.2
13031.5
13042.6
13053.2
13062.6
13073.7
13085.7
13095.6
13107.4
13116.6
13127.2
13137.4
13149.1
13159.4
13169.2
13180.5
13188.7
13198.0
13208.1
13217.6
13225.8
13236.4
13243.5
13253.8
13263.2
13273.5
13282.5
13296.0
13308.8
13319.4
13328.4
13337.7
13345.8
13353.5
13362.9
13372.2
13383.7
13393.6
13406.3
13413.9
13424.2
13434.7
13443.8
13453.3
13465.1
13476.1
13484.1
13494.0
13503.7
13513.7
13521.5
13532.8
13543.1
13552.1
13559.8
13567.6
13576.3
13584.4
13594.0
13605.8
13613.2
13621.5
13631.5
13644.1
13653.3
13663.8
13676.7
13684.7
13693.6
13702.5
13716.3
13730.3
13739.1
13748.7
13758.9
13769.0
13778.0
13787.7
13797.1
13806.3
13815.9
13825.1
13834.5
13845.5
13854.4
13866.1
13876.0
13884.1
13894.1
13906.4
13916.2
13924.6
13933.3
13941.9
13949.6
13957.6
13966.0
13974.7
13982.4
13994.3
14004.7
14016.5
14025.3
14035.1
14048.2
14060.1
14069.1
14077.5
14087.2
14098.6
14110.7
14118.6
14128.5
14138.5
14150.6
14163.6
14180.0
14190.5
14203.0
14211.7
14222.4
14232.2
14241.2
14254.2
14264.2
14276.3
14288.3
14298.5
14308.3
14318.5
14328.0
14340.5
14352.5
14367.5
14380.2
14392.4
14404.6
14416.3
14428.4
14438.6
14450.6
14460.9
14476.4
14488.8
14501.1
14516.9
14531.2
14543.3
14556.3
14567.6
14583.6
14594.6
14603.8
14613.2
14626.8
14638.4
14648.7
14657.9
14669.2
14678.8
14691.8
14704.0
14716.2
14729.5
14742.3
14756.2
14767.6
14779.7
14791.5
14801.5
14811.9
14825.1
14834.4
14847.3
14858.2
14867.0
14876.7
14887.7
14901.5
14910.2
14918.7
14930.3
14940.3
14951.1
14963.2
14972.8
14980.7
14993.8
15002.7
15012.1
15022.3
15032.8
15043.0
15056.9
15069.3
15082.6
15095.8
15107.1
15122.2
15133.9
15145.4
15161.5
