951.3
1226.6
1384.4
1569.6
1637.0
1706.9
1792.8
1922.4
2020.4
2086.2
2149.9
2204.9
2307.0
2384.2
2455.0
2503.8
2564.5
2601.9
2676.1
2739.8
2793.5
2848.5
2894.3
2970.0
3020.2
3077.0
3119.8
3170.6
3227.0
3281.7
3330.1
3377.4
3445.5
3506.4
3553.6
3621.1
3678.5
3723.5
3771.0
3837.3
3892.4
3954.2
4015.6
4081.6
4126.3
4170.4
4215.3
4269.6
4325.4
4363.5
4400.5
4444.9
4484.1
4518.6
4553.2
4599.2
4634.0
4669.4
4724.4
4775.8
4824.0
4864.9
4898.1
4931.9
4962.6
4994.8
5026.7
5061.3
5096.0
5129.1
5156.4
5190.6
5222.1
5254.8
5284.7
5329.8
5359.3
5392.0
5420.1
5456.4
5491.0
5523.9
5557.2
5593.8
5623.2
5655.6
5689.8
5716.3
5743.0
5772.6
5800.0
5827.6
5854.2
5887.9
5914.9
5950.2
5975.9
6001.7
6030.8
6064.2
6093.5
6121.2
6149.6
6178.4
6204.0
6228.3
6252.0
6281.0
6308.1
6333.6
6363.9
6394.1
6418.4
6445.5
6473.7
6496.3
6517.9
6545.7
6573.4
6594.3
6616.9
6639.2
6663.7
6688.6
6712.7
6737.3
6764.0
6788.0
6809.9
6831.1
6854.9
6878.7
6906.7
6929.0
6949.1
6969.5
6991.8
7014.8
7036.1
7060.3
7081.1
7103.3
7125.7
7149.9
7175.2
7199.5
7218.2
7239.1
7259.1
7281.1
7305.0
7326.9
7351.2
7369.8
7390.3
7412.3
7434.6
7457.8
7478.5
7501.2
7524.0
7545.5
7569.2
7596.8
7618.0
7642.6
7665.2
7685.8
7707.1
7728.0
7748.7
7768.8
7788.9
7809.9
7831.5
7856.3
7877.7
7898.6
7922.8
7946.4
7969.4
7990.4
8011.9
8032.0
8053.7
8076.7
8100.5
8121.6
8145.6
8165.8
8183.7
8206.2
8226.9
8250.3
8271.0
8290.3
8310.4
8331.3
8353.2
8378.7
8401.7
8423.1
8444.0
8462.8
8480.5
8499.8
8524.2
8543.4
8566.6
8588.8
8607.2
8627.7
8647.3
8666.7
8687.2
8707.0
8726.7
8746.5
8770.3
8789.7
8811.5
8832.2
8852.5
8871.4
8895.5
8917.5
8948.4
8970.7
8995.2
9018.7
9042.8
9066.2
9091.4
9114.0
9137.8
9164.6
9190.4
9211.6
9231.6
9253.8
9273.4
9294.1
9317.2
9339.5
9365.2
9387.7
9411.7
9435.7
9459.3
9481.6
9505.9
9527.3
9550.9
9574.1
9600.9
9623.3
9644.9
9666.0
9687.3
9713.5
9733.9
9757.9
9784.1
9807.5
9830.4
9852.6
9876.9
9899.3
9920.0
9942.8
9966.7
9987.8
10008.0
10031.3
10054.0
10075.7
10096.2
10116.1
10138.6
10162.3
10183.6
10203.4
10225.1
10244.4
10263.2
10282.2
10303.1
10325.2
10345.1
10368.7
10390.6
10411.9
10431.5
10451.4
10471.0
10492.7
10513.9
10539.5
10558.6
10580.8
10602.2
10623.8
10644.3
10668.1
10689.8
10710.2
10732.7
10751.4
10770.4
10794.0
10814.4
10839.2
10861.2
10881.3
10901.2
10926.2
10949.6
10972.4
10997.6
11017.2
11037.4
11060.1
11081.2
11101.8
11124.1
11144.3
11170.7
11191.3
11211.6
11231.8
11253.0
11274.7
11295.8
11315.3
11338.4
11360.9
11383.6
11414.6
11438.6
11459.1
11481.8
11502.0
11523.4
11542.2
11564.6
11584.7
11602.8
11624.0
11645.6
11665.8
11687.5
11709.9
11734.2
11753.7
11773.7
11792.5
11811.4
11831.0
11852.6
11872.2
11889.9
11908.7
11930.0
11953.8
11975.5
11996.4
12017.6
12038.3
12057.3
12077.1
12098.6
12119.0
12140.0
12160.8
12181.4
12202.8
12226.0
12248.1
12269.5
12290.8
12314.0
12339.3
12359.6
12383.7
12404.6
12424.3
12444.4
12465.2
12483.7
12505.4
12524.3
12544.5
12564.3
12586.9
12606.5
12627.3
12646.6
12667.3
12689.0
12708.2
12725.8
12745.1
12764.6
12786.3
12807.5
12827.3
12846.1
12865.0
12885.8
12907.4
12927.8
12948.8
12970.6
12990.2
13010.4
13029.3
13049.7
13073.1
13094.9
13113.3
13136.3
13157.5
13178.3
13198.4
13217.7
13237.9
13258.4
13277.5
13294.9
13313.4
13332.7
13350.8
13371.2
13389.7
13410.3
13427.7
13448.0
13466.2
13484.0
13504.2
13525.2
13544.6
13563.7
13583.5
13602.2
13622.3
13643.5
13668.1
13687.7
13708.9
13726.5
13746.5
13766.9
13787.0
13805.9
13824.9
13842.8
13864.4
13883.7
13903.8
13922.0
13940.2
13960.3
13979.5
13997.8
14018.2
14036.9
14056.4
14075.6
14095.4
14113.6
14133.6
14151.1
14170.5
14191.7
14212.5
14230.1
14253.5
14276.3
14299.0
14320.6
14342.3
14360.6
14378.7
14396.6
14418.9
14438.0
14459.8
14478.4
14497.0
14515.5
14534.0
14552.5
14570.7
14590.3
14608.3
14628.9
14648.9
14669.1
14689.1
14708.4
14725.8
14745.4
14767.2
14785.9
14804.0
14822.3
14841.3
14862.4
14881.5
14902.1
14923.0
14941.9
14960.5
14979.0
14996.6
15016.3
15033.8
15051.8
15071.3
15090.2
15109.5
15130.1
15150.7
15172.0
15191.9
15211.3
15229.2
15247.0
15265.8
15283.5
15300.9
15321.0
15339.3
15358.2
15379.0
15397.5
15415.7
15437.0
15453.9
15472.9
15491.7
15509.5
15527.2
15545.9
15565.7
15585.8
15606.1
15623.1
15644.1
15664.7
15686.3
15703.6
15724.1
15742.1
15759.2
15777.7
15795.0
15813.4
15832.1
15850.1
15870.2
15892.9
15914.4
15934.5
15951.4
15972.9
15992.3
16012.7
16031.1
16050.5
16068.6
16087.6
16107.6
16129.1
16149.1
16167.3
16189.4
16208.9
16228.0
16249.8
16268.6
16287.0
16304.8
16325.6
16344.7
16364.4
16383.9
16404.8
16421.6
16440.4
16458.4
16478.8
16499.2
16517.4
16538.3
16558.6
16577.3
16597.1
16616.8
16635.6
16655.1
16673.3
16692.6
16711.6
16729.7
16750.3
16770.7
16791.4
16811.1
16831.1
16847.9
16868.0
16889.7
16907.6
16924.9
16943.5
16961.1
16978.9
16997.3
17016.7
17035.4
17057.6
17076.1
17094.8
17115.8
17134.5
17154.2
17174.8
17196.0
17215.1
17234.3
17253.0
17272.6
17294.2
17318.5
17337.1
17357.2
17374.4
17394.3
17414.9
17434.1
17453.5
17471.2
17489.7
17508.5
17531.2
17551.3
17572.5
17592.8
17614.3
17634.4
17653.8
17674.2
17692.2
17711.1
17732.4
17750.9
17769.4
17787.9
17807.5
17830.3
17848.7
17867.6
17885.4
17904.3
17921.2
17939.1
17955.8
17974.6
17992.7
18014.5
18039.0
18058.6
18083.2
18101.6
18119.3
18139.1
18159.7
18180.0
18199.2
18219.0
18241.1
18262.8
18281.9
18300.6
18321.9
18342.1
18367.8
18387.4
18409.7
18429.1
18449.3
18470.5
18491.0
18510.3
18528.7
18553.1
18571.9
18591.5
18611.8
18631.1
18650.6
18670.7
18690.3
18711.5
18732.1
18752.6
18775.0
18796.8
18815.2
18835.6
18853.0
18870.2
18889.1
18907.2
18927.3
18945.9
18963.8
18982.9
19001.2
19023.2
19047.5
19066.9
19085.8
19107.1
19128.2
19149.5
19167.3
19185.5
19204.3
19225.4
19245.0
19264.9
19283.1
19304.6
19323.7
19342.6
19362.4
19381.1
19399.9
19419.0
19440.4
19458.5
19477.4
19496.0
19516.7
19535.8
19555.7
19576.8
19597.7
19617.1
19635.5
19656.8
19676.6
19700.3
19721.2
19741.8
19765.3
19786.3
19814.9
19837.5
19858.3
19880.5
19902.1
19924.6
19949.0
19970.2
19991.6
20015.9
20038.5
20059.6
20077.4
20097.7
20118.0
20139.2
20163.8
20185.0
20208.0
20228.0
20247.6
20267.2
20287.1
20306.3
20326.2
20346.0
20364.5
20384.3
20405.1
20425.5
20445.0
20463.4
20482.2
20501.3
20520.2
20537.6
20557.4
20576.1
20595.6
20613.6
20632.6
20651.3
20668.6
20687.2
20707.0
20725.5
20744.7
20767.3
20786.4
20806.0
20823.5
20843.0
20861.6
20882.6
20900.0
20919.4
20941.3
20963.3
20981.8
21004.1
21027.2
21048.5
21070.3
21089.6
21111.3
21131.9
21150.6
21172.3
21191.8
21210.2
21229.2
21248.8
21268.2
21287.7
21308.9
21327.9
21346.1
21365.0
21384.4
21403.1
21424.7
21443.7
21463.7
21483.5
21502.1
21519.8
21541.3
21560.1
21578.1
21598.4
21616.6
21636.1
21654.9
21674.1
21692.4
21710.8
21733.6
21753.8
21773.6
21794.0
21816.2
21836.0
21858.8
21879.4
21899.9
21917.9
21937.5
21956.5
21977.1
21996.3
22017.7
22035.4
22057.7
22076.1
22098.4
22121.2
22141.5
22159.9
22179.8
22197.6
22216.4
22236.4
22256.0
22276.7
22295.9
22319.4
22337.9
22356.5
22375.7
22395.3
22415.0
22432.7
22451.5
22471.1
22489.9
22507.0
22526.0
22544.0
22563.8
22585.4
22603.9
22622.7
22640.3
22657.3
22675.7
22694.6
22712.7
22730.2
22747.5
22768.0
22786.3
22805.1
22822.4
22840.4
22859.4
22878.0
22895.4
22913.9
22931.2
22948.0
22965.8
22986.5
23005.8
23025.1
23043.5
23061.0
23079.8
23099.0
23116.2
23134.6
23154.2
23175.8
23194.4
23211.5
23230.4
23249.1
23269.5
23287.4
23307.0
23324.7
23345.7
23363.7
23383.2
23404.0
23423.2
23441.5
23459.2
23480.6
23499.2
23516.5
23535.3
23554.3
23574.6
23592.8
23611.3
23629.1
23647.7
23667.9
23686.2
23707.0
23723.9
23742.4
23759.8
23777.1
23794.0
23811.7
23829.2
23847.1
23864.6
23883.0
23901.9
23919.8
23936.9
23955.8
23973.6
23991.5
24010.0
24030.0
24049.4
24068.4
24087.3
24107.0
24126.5
24149.9
24171.1
24191.6
24210.1
24227.7
24247.5
24267.3
24284.2
24303.1
24321.5
24339.0
24357.5
24375.6
24399.8
24418.1
24436.4
24457.8
