819.5
1195.2
1410.9
1777.1
1986.4
2100.9
2282.9
2505.3
2614.8
2766.8
2905.0
3051.6
3190.4
3280.7
3435.4
3562.7
3706.7
3854.9
3974.0
4051.4
4264.3
4356.3
4433.2
4573.0
4698.3
4786.2
4880.5
4966.9
5044.2
5138.7
5270.3
5353.0
5474.6
5536.3
5598.2
5662.0
5748.5
5858.2
6026.8
6091.4
6214.0
6324.0
6406.2
6506.9
6644.0
6729.8
6809.2
6877.4
6953.5
7007.6
7108.0
7207.0
7295.8
7366.0
7453.1
7540.0
7603.3
7673.7
7805.3
7891.9
7987.0
8074.7
8191.4
8285.0
8432.6
8523.7
8626.5
8684.0
8823.7
8935.9
9059.3
9141.8
9243.5
9361.6
9468.7
9581.5
9741.3
9833.9
9940.7
10061.1
10179.0
10282.9
10358.6
10511.8
10578.3
10681.0
10786.6
10878.8
10967.4
11050.6
11132.0
11208.5
11297.9
11413.6
11503.6
11606.4
11673.2
11762.4
11848.6
11921.3
12027.6
12081.0
12193.7
12335.5
12434.2
12559.2
12671.0
12747.9
12891.0
12973.3
13037.8
13144.0
13253.1
13319.8
13458.3
13574.2
13655.7
13796.9
13879.0
13976.3
14045.1
14113.5
14186.7
14285.0
14376.5
14480.0
14532.0
14620.9
14713.4
14767.0
14862.9
14942.7
15038.8
15109.0
15169.0
15236.5
15312.1
15413.8
15527.2
15627.8
15719.3
15793.0
15855.1
15909.1
15991.6
16075.7
16180.3
16239.0
16348.9
16406.3
16526.0
16594.6
16672.6
16732.3
16788.1
16859.8
16921.9
17008.7
17168.8
17231.6
17302.5
17356.7
17439.3
17532.8
17586.1
17699.2
17746.0
17833.0
17927.8
17979.4
18069.2
18160.5
18222.8
18323.6
18411.1
18509.3
18601.3
18666.7
18740.8
18801.7
18883.3
18941.4
19023.9
19080.3
19141.9
19207.8
19285.6
19381.2
19463.1
19551.8
19639.8
19706.8
19761.3
19855.3
19952.7
19998.2
20038.9
20111.6
20171.9
20220.5
20296.3
20352.6
20425.3
20487.4
20554.2
20586.4
20667.1
20735.9
20790.0
20849.9
20908.1
20974.9
21008.5
21043.7
21123.6
21195.2
21275.8
21391.4
21468.0
21547.2
21616.5
21691.4
21788.8
21883.8
21947.7
22037.5
22097.9
22169.2
22216.4
22276.2
22342.3
22377.0
22415.3
22476.3
22521.7
22565.6
22623.5
22681.5
22719.3
22800.2
22850.7
22945.6
23006.4
23057.3
23110.9
23150.5
23200.0
23232.6
23280.5
23323.0
23373.6
23462.0
23514.6
23565.0
23632.7
23677.4
23712.0
23772.3
23842.5
23881.0
23933.6
24013.3
24071.0
24116.5
24172.5
24232.8
24306.3
24365.4
24426.0
24493.9
24576.4
24643.0
24706.2
24759.5
24826.1
24904.9
24978.8
25035.5
25092.7
25128.9
25194.3
25256.8
25301.3
25351.6
25396.3
25493.1
25560.7
25631.3
25696.8
25733.7
25791.9
25897.2
25984.4
26050.5
26120.3
26155.8
26220.1
26281.8
26319.8
26373.7
26409.3
26456.3
26504.4
26532.3
26597.9
26644.0
26696.2
26748.5
26815.3
26867.8
26932.1
26990.9
27033.2
27084.2
27137.5
27181.1
27229.6
27271.2
27315.5
27351.4
27391.7
27423.9
27466.8
27516.0
27554.8
27590.6
27634.2
27675.2
27720.1
27762.2
27815.1
27851.6
27901.1
27928.7
27964.1
27993.6
28030.7
28070.3
28107.2
28170.2
28200.3
28237.9
28275.5
28320.3
28352.0
28433.4
28478.9
28519.6
28573.7
28619.4
28655.2
28701.3
28738.0
28789.1
28816.1
28859.3
28929.2
28963.7
29035.5
29068.1
29152.4
29230.7
29268.8
29327.2
29380.8
29439.5
29484.1
29529.6
29596.9
29651.2
29692.5
29744.7
29789.3
29842.9
29886.8
29933.1
30025.3
30070.8
30147.9
30197.0
30246.5
30297.1
30384.0
30438.1
30471.8
30507.2
30561.0
30602.8
30658.7
30709.3
30744.9
30798.3
30834.1
30883.7
30911.1
30953.4
30986.3
31050.9
31108.7
31160.5
31198.0
31236.0
31270.9
31318.6
31368.9
31424.9
31470.9
31518.5
31556.8
31603.6
31653.4
31700.3
31734.5
31794.8
31829.5
31877.2
31915.1
31968.8
32019.9
32078.1
32142.7
32187.7
32237.1
32278.9
32316.0
32355.6
32413.8
32443.3
32487.4
32531.2
32589.8
32676.9
32727.0
32770.9
32813.9
32886.3
32972.6
33020.6
33079.2
33113.2
33181.2
33211.5
33275.5
33306.8
33364.1
33389.7
33421.0
33466.0
33490.8
33518.3
33566.8
33608.2
33650.3
33702.3
33734.7
33815.3
33864.3
33912.7
33945.1
33987.7
34020.9
34172.4
34222.3
34358.5
34405.7
34465.1
34514.0
34568.6
34599.6
34651.2
34694.5
34731.1
34779.5
34867.1
34935.4
34976.5
35035.7
35081.3
35140.5
35173.1
35216.5
35240.0
35283.7
35318.2
35379.0
35481.5
35521.1
35576.6
35639.2
35679.3
35736.9
35846.1
35877.9
35913.5
35977.7
36009.1
36040.1
36065.7
36109.9
36153.0
36184.0
36220.2
36256.5
36286.2
36338.6
36411.8
36471.0
36512.6
36550.7
36600.7
36630.7
36666.9
36712.5
36738.6
36783.1
36829.0
36865.4
36906.0
36946.4
36980.3
37032.2
37089.8
37122.0
37172.9
37211.1
37241.4
37282.7
37330.3
37379.0
37417.4
37458.7
37525.5
37591.1
37628.8
37661.6
37708.5
37755.0
37792.2
37846.9
37893.9
37941.9
37991.0
38025.8
38066.7
38108.1
38140.0
38173.6
38200.5
38229.0
38264.1
38293.3
38319.3
38353.9
38387.8
38416.3
38473.5
38509.7
38541.9
38568.5
38630.8
38674.7
38708.6
38737.4
38779.1
38807.3
38853.1
38888.3
38912.9
38950.6
38977.7
39008.1
39037.0
39073.4
39105.9
39133.7
39171.3
39198.3
39262.6
39305.9
39341.5
39373.9
39440.6
39497.6
39525.2
39585.5
39642.4
39689.2
39724.4
39769.5
39802.7
39849.7
39889.8
39929.7
39969.9
40010.5
40045.7
40081.3
40102.6
40128.4
40171.5
40220.6
40246.0
40269.9
40311.8
40347.7
40377.2
40401.4
40445.7
40472.8
40500.9
40529.2
40577.2
40601.0
40628.8
40674.2
40721.7
40750.3
40787.0
40808.2
40839.2
40861.9
40896.8
40934.0
40967.9
40984.0
41022.9
41062.7
41086.9
41107.6
41137.2
41184.4
41235.0
41275.6
41312.8
41340.6
41381.0
41425.5
41451.6
41488.3
41520.4
41551.5
41586.2
41633.9
41682.1
41718.8
41794.0
41837.4
41893.5
41987.7
42023.2
42076.4
42119.9
42154.8
42181.3
42204.9
42251.9
42271.9
42320.1
42353.1
42391.7
42432.0
42483.1
42546.6
42610.7
42650.1
42736.9
42782.2
42825.1
42861.1
42910.9
42965.1
43047.3
43079.2
43158.2
43228.5
43299.7
43324.5
43369.3
43405.8
43434.7
43476.6
43526.6
43571.4
43599.0
43642.5
43671.3
43722.1
43761.6
43802.7
43843.4
43868.3
43916.1
43988.1
44017.5
44057.4
44078.4
44102.3
44136.2
44167.8
44202.9
44227.1
44259.5
44286.3
44321.2
44354.5
44386.6
44414.5
44442.1
44463.8
44493.9
44525.7
44566.8
44600.2
44636.5
44682.9
44720.5
44773.3
44812.3
44843.9
44889.0
44932.7
44959.0
44982.8
45007.2
45033.0
45063.4
45100.0
45129.6
45153.5
45184.6
45207.7
45241.6
45266.5
45288.2
45310.7
45335.7
45363.2
45392.9
45427.4
45464.3
45488.6
45514.1
45544.1
45587.0
45622.5
45650.9
45699.2
45741.2
45784.3
45842.1
45891.1
45945.8
45986.1
46011.9
46050.5
46077.5
46109.4
46161.1
46227.8
46276.3
46313.1
46350.4
46373.5
46402.1
46423.0
46449.4
46481.4
46507.5
46545.2
46579.6
46622.0
46654.4
46721.6
46772.6
46859.4
46895.0
46922.6
46955.5
46984.8
47031.1
47060.5
47095.9
47133.8
47165.7
47205.9
47258.9
47292.8
47341.0
47383.1
47415.5
47441.3
47474.5
47513.6
47540.5
47585.5
47618.4
47691.8
47713.2
47772.4
47798.3
47848.4
47879.7
47908.1
47950.2
47988.1
48021.6
48074.2
48123.8
48159.6
48192.3
48221.8
48296.0
48346.8
48393.0
48435.8
48470.8
48511.6
48556.5
48602.9
48635.9
48664.1
48695.7
48769.5
48822.1
48861.0
48901.6
48927.6
48966.5
49011.9
49068.8
49117.8
49177.0
49202.5
49241.8
49280.5
49334.3
49369.5
49400.6
49436.1
49470.5
49492.4
49537.5
49574.3
49599.8
49634.7
49669.0
49698.4
49729.8
49770.3
49797.9
49830.1
49855.4
49887.0
49918.9
49967.8
50013.2
50051.0
50084.2
50110.7
50152.1
50185.1
50213.4
50257.3
50291.5
50331.0
50380.2
50434.2
50460.8
50493.5
50548.0
50576.0
50608.8
50640.4
50674.5
50713.0
50729.5
50782.4
50817.0
50838.8
50860.8
50894.8
50916.5
50943.5
50970.5
51000.1
51036.1
51067.7
51125.9
51163.3
51185.4
51215.3
51241.4
51275.1
51309.8
51345.0
51376.3
51413.9
51450.3
51480.0
51508.6
51533.4
51559.1
51590.6
51614.2
51655.5
51686.3
51713.9
51752.0
51775.5
51814.4
51846.4
51870.0
51898.0
51914.9
51945.7
51966.7
51992.8
52014.5
52037.1
52069.5
52092.2
52121.3
52151.0
52177.1
52231.9
52258.3
52285.7
52301.9
52317.4
52338.8
52380.2
52395.9
52420.8
52448.0
52469.3
52491.8
52518.1
52541.3
52563.3
52599.3
52627.0
52650.3
52664.6
52696.8
52723.0
52744.6
52767.4
52794.7
52824.8
52849.2
52873.1
52901.0
52928.2
52954.5
52986.2
53015.8
53048.8
53070.6
53101.5
53125.1
53147.5
53171.8
53206.3
53224.8
53260.4
53300.2
53322.6
53342.0
53360.7
53390.4
53416.6
53441.4
53471.1
53504.4
53524.1
53549.5
53592.0
53613.7
53638.4
53687.7
53723.6
53749.9
53772.7
53805.6
53831.6
53856.8
53879.7
53909.2
53937.9
53959.4
54003.1
54022.5
54049.4
54079.9
54108.8
54134.0
54160.2
54181.3
54197.4
54229.3
